[views/visualisation_examples]
version = 7.0.1
modtime = 1536024444.263366400

[views/about]
version = 7.0.1
modtime = 1536024881.771766400
