[views/visualisation_examples]
version = 7.1.1
modtime = 1536397017.581984000

[views/about]
version = 7.1.1
modtime = 1536396909.289757000
