[views/visualisation_examples]
version = 7.1.3
modtime = 1539477275.247399000

[views/about]
version = 7.1.3
modtime = 1539247955.448319000
