[views/visualisation_examples]
version = 7.1.3
modtime = 1539501667.610772000

[views/about]
version = 7.2.0
modtime = 1539656723.611479000
